convertTempfor([-20, -15, -10, -5, 0, 5, 10, 15, 20, 25, 30, 35, 40],'C2F')
Elapsed time is 0.000660 seconds.

ans =

    -4     5    14    23    32    41    50    59    68    77    86    95   104

convertTempwhile([-20, -15, -10, -5, 0, 5, 10, 15, 20, 25, 30, 35, 40],'C2F')
Elapsed time is 0.000936 seconds.

ans =

    -4     5    14    23    32    41    50    59    68    77    86    95   104

convertTempVec([-20, -15, -10, -5, 0, 5, 10, 15, 20, 25, 30, 35, 40],'C2F')
Elapsed time is 0.000317 seconds.

ans =

    -4     5    14    23    32    41    50    59    68    77    86    95   104
